$ANSIBLE_VAULT;1.1;AES256
30643433303266666463336134313539646464336535363136663966653637336230383133353032
3638316531633032386438633535316334393966353438650a633831353566396562393233666436
31383237393934323637316236326466323965343735356432363035636437633338323437626338
3963653737396635390a616564623430316463653237623838306366626133633965306633343635
66376539666161653062356635336136333461626633643832616532363263636265373038643263
38646630643834643030386233616466613039343333666261363862326331313362636230376366
65323332643133373530373963323831653965373931626164363666333230613734393934386462
33313932623963616530353736626264643837333963346138376339336662633438343930373133
63636636356261363837336631366361316130613334373531373465393432323435363864616464
63656134656335366163616533396437393863363333346335316433633032636362323730343137
30333265663464343233303364646331336233306165346438316466653530303263393735613634
33623262326631373639616636343062386138643131313034616561666565303561373138306239
65356533356234396264623837663938373331363966613763383330356239373732663430383438
35613864643966376537656435666635643061346534616565613130356530376162323330303334
61383861663237363139643561376231306434346431366238353462653730666334333936353566
65653431613266386437656163373137653566386534663530623533636266313664376130376561
30653137316233616462333563636536633736306439393032346639303664306533616132333562
30373464643133656436376364643037613764326534613862376132633366666131373461353733
36306562613337616566373635393639326232343761303666663233353264326531323839353964
34346330363633616539323036316165613630366137373833633232623237333461323236616661
34333738353239363332636465333161396330303938393437343961663232303064363530636263
63326530386334323430343966376436316630653230396435323436356365306464346265656639
63393833633439323430333637343139643534333562393731343665643065323263326137636437
33656365393164643766316639343361613164333262323332393336626436643066343435633863
36666435656131616339323666316432303163373230616335303439383865646663626635663437
63306363316561656535303938353438353563633537666463313666346337346130353135656265
39616433656661383366336632643561613036366264303730313534363837323761323431303332
36393461386438653438373334396439643565663337653731336234396262653962643731333634
36303562643736303565643234323430623139363431323831323831333266326562376231346236
62376335316334623965356237616238386266346463613766343931346434613537303033663433
32356438393161386430346434363766626630366161333538363637643738333730616334333637
34623661373863323135376637336564323362656164616336663039303930633634353730666366
62636631623463626532343539353465396365386437386562643834386161663630653537313639
38646162383761326264363166363563626237316534616666346366383534633766363037356238
30373239653130313762383333336136376137373839653263326263643134336636623662633031
37396635336565323563313064613861666364613366316339643962663433323833323631623034
61333436613764633233626130666332323833346439623330363864386364373032656436303337
38633036336439343835303362306531323338376265366264363632653665666666336138393131
33383765663335363163663237373134366362343932663466303832303034616339666131313361
33633961316563386233323864623039323336643434316638396361356134393537663235363133
33393439343033616661613632303134323162373864616337636465386337326432613861363364
66383965666264363235373732326332356264313333336166386239346230313864373133343865
34623536336662613265633238316434376637646637316635376263323133646364343932393339
64643665346162376532356539376530373030383564313033666535366562383334376462343266
66303465336239343039623831353935356638323765333831386434393031663534636532393836
33343733376663643063653535626262623764326461313131613462363364366561323365393530
66313235333235383133363733313531393863646431306335303432326434356436333630333264
31613661373330353837633831373130346663376164363334633538623766613034366138376238
65616532393762306530363264363435396638366561343963383530373630636465313161623936
36366133393662353638623233346438633665663931633736623662663835623332613331346361
35653835313464333766663633643335306262353533323563366634366462646361646537653037
30636364633632383561646630656631333236346334383062336333313930346638626538393338
38303139326136376433663466663764346163346430643438653863613964323233383039326338
62313264366265343666646566656233363565353664316665666236663933653064363262306239
36623235353531313261366463653033393066343531333233346530646232623035326437613238
30316634396135633736306537313138363339393539353664623766383861373337363530366231
36313430363565366134656135346433323361633961363036366561623261616436346131366566
31333339623433363830636334613734656132633336636433646438306166386263316262313239
30393866376138363364363564353831363534353365336466643961636531353133333235353663
35313333653330313266376335323337643035353864343566636437326262396162366235636564
37346636333662366639636239366134383432396466323761343139666431393364633333323236
30646631626135376336656335666632303030366264386135623733333935306137373537663838
64613763643537326631643763343535373431393237336235613962646463393233653438373565
62376533643864363366356463626536663038376162373265383839633238343334633663396532
61396439356134356637376638346661646465313738616436323836336465303566633939623133
30336337666566353034666437366431626539333832633566366130383066383630343764623264
36353839646662373664306633613537393033383762336234373031393564323535656363383231
33663562356434393532366638613866376434393931356563643437373633336232333237393436
32313764373135356563306138343937643563353630333165346363386331623734623765356238
30383438666135333931393362626132363034383562633431656638626235663934346664313430
62376663616331366664386162313631353531653533343238336439616332666430313661376431
39366361383837353565336534303839313031613938613063313438333862616433396137353731
63653163353431643738333763373765316139626332656261666262666138303733313536656564
36343633666164306237333463336631303638646264376363306661313037616663393432303165
39363038363531633763633765393662333139353537613438373364653763343862393066663363
34656465623131643263393131353339623864333064353036373763613038346638373739663637
66366232383962396534313938396631376437306565303934666139626539613266383136356361
37336334383037383966623965373432393966363666343839663333643039623738343532373563
37353165373736646332646131616234656238303463396366656635623737303264616166386230
38336138393238633730633131356230333134643331326463613965343835323465313266323039
35346330356333333030653639323433623931636433663937623530623363393561623135646263
34633936656666353433346333316363333230313966303261616332336663373331656231613932
38393062393864373631393637646262383731323865653665626630383138346338346531643164
37303561393838666539666161326139356131346332313339313235616539373861383562636265
62346364396261356363333762666239613339373366323138333535333930653662643736353534
63633963366463393430323661343739333939323166323566653037333437616264303864346531
61313831613937343661623235663433633630356565633235636138366365353565646665383436
38663738666262363131
